shape_id,shape_pt_lat,shape_pt_lon,shape_pt_sequence
2311483,47.228243,-1.561762,6992
2311483,47.228243,-1.561762,7001
2311483,47.225791,-1.559674,7002
2311483,47.225791,-1.559674,7011
2311483,47.222213,-1.556585,7012
2311483,47.222213,-1.556585,7021
2311483,47.221526,-1.556033,7022
2311483,47.221526,-1.556033,7031
2311483,47.219769,-1.555633,7032
2311483,47.219769,-1.555633,7041
2311483,47.218053,-1.557243,7042
2311483,47.218053,-1.557243,7051
2311483,47.216669,-1.556843,7052
2311483,47.216669,-1.556843,7061
2311483,47.215572,-1.560456,7062
2311483,47.215572,-1.560456,7071
2311483,47.214895,-1.564738,7072
2311483,47.214895,-1.564738,7081
2311483,47.214491,-1.568473,7082
2311483,47.214491,-1.568473,7091
2311483,47.214544,-1.572578,7092
2311483,47.214544,-1.572578,7101
2311483,47.213835,-1.574891,7102
2311483,47.213835,-1.574891,7111
2311483,47.211808,-1.576143,7112
2311483,47.211808,-1.576143,7121
2311483,47.212889,-1.581527,7122
2311483,47.212889,-1.581527,7131
2311483,47.214062,-1.587338,7132
2311483,47.214062,-1.587338,7141
2311483,47.213707,-1.589776,7142
2311483,47.213707,-1.589776,7151
2311483,47.216731,-1.592979,7152
2311483,47.216731,-1.592979,7161
2311483,47.216697,-1.599590,7162
2311483,47.216697,-1.599590,7171
2311483,47.218066,-1.603396,7172
2311483,47.218066,-1.603396,7181
2311483,47.218274,-1.608335,7182
2311483,47.218274,-1.608335,7191
2311483,47.217629,-1.611436,7192
2311483,47.217629,-1.611436,7201
2311483,47.216308,-1.613538,7202
2311483,47.216308,-1.613538,7211
2311483,47.214663,-1.615132,7212
2311483,47.214663,-1.615132,7221
2311483,47.211911,-1.617500,7222
2311483,47.211911,-1.617500,7231
2311483,47.209756,-1.614832,7232
2311483,47.209756,-1.614832,7241
2311483,47.208970,-1.611433,7242
2310484,47.221497,-1.555810,6572
2310484,47.221497,-1.555810,6581
2310484,47.222820,-1.556986,6582
2310484,47.222820,-1.556986,6591
2310484,47.225455,-1.559242,6592
2310484,47.225455,-1.559242,6601
2310484,47.227962,-1.561387,6602
2310484,47.227962,-1.561387,6611
2310484,47.230873,-1.563784,6612
2310484,47.230873,-1.563784,6621
2310484,47.232621,-1.565243,6622
2310484,47.232621,-1.565243,6631
2310484,47.233378,-1.559972,6632
2310484,47.233378,-1.559972,6641
2310484,47.234537,-1.557068,6642
2310484,47.234537,-1.557068,6651
2310484,47.233150,-1.555406,6652
2310484,47.233150,-1.555406,6661
2310484,47.234280,-1.552832,6662
2310484,47.234280,-1.552832,6671
2310484,47.235135,-1.549601,6672
2310484,47.235135,-1.549601,6681
2310484,47.235363,-1.547544,6682
2310484,47.235363,-1.547544,6691
2310484,47.238130,-1.544186,6692
2310484,47.238130,-1.544186,6701
2310484,47.240286,-1.542212,6702
2310484,47.240286,-1.542212,6711
2310484,47.241115,-1.538470,6712
2310484,47.241115,-1.538470,6721
2310484,47.243042,-1.534880,6722
2310484,47.243042,-1.534880,6731
2310484,47.243969,-1.536475,6732
2310484,47.243969,-1.536475,6741
2310484,47.248346,-1.536410,6742
2310484,47.248346,-1.536410,6751
2310484,47.250299,-1.536018,6752
2310484,47.250299,-1.536018,6761
2310484,47.250200,-1.530240,6762
2310484,47.250200,-1.530240,6771
2310484,47.252152,-1.529901,6772
2310484,47.252152,-1.529901,6781
2310484,47.251420,-1.526735,6782
2310484,47.251420,-1.526735,6791
2310484,47.248315,-1.522243,6792
311311,47.227006,-1.569419,47282
311311,47.227006,-1.569419,47291
311311,47.224090,-1.565217,47292
311311,47.224090,-1.565217,47301
311311,47.224090,-1.565217,47302
311311,47.221208,-1.562625,47311
311311,47.221208,-1.562625,47312
311311,47.221208,-1.562625,47321
311311,47.218362,-1.560060,47322
311311,47.218362,-1.560060,47331
311311,47.218362,-1.560060,47332
311311,47.217071,-1.558186,47341
311311,47.217071,-1.558186,47342
311311,47.217071,-1.558186,47351
311311,47.217071,-1.558186,47352
311311,47.214346,-1.555726,47361
311311,47.214346,-1.555726,47362
311311,47.214346,-1.555726,47371
311311,47.214346,-1.555726,47372
311311,47.211508,-1.552937,47381
311311,47.211508,-1.552937,47382
311311,47.211508,-1.552937,47391
311311,47.211508,-1.552937,47392
311311,47.208986,-1.550139,47401
311311,47.208986,-1.550139,47402
311311,47.208986,-1.550139,47411
311311,47.206344,-1.548209,47412
311311,47.206344,-1.548209,47421
311311,47.206344,-1.548209,47422
311311,47.203797,-1.546420,47431
311311,47.203797,-1.546420,47432
311311,47.203797,-1.546420,47441
311311,47.201576,-1.545025,47442
311311,47.201576,-1.545025,47451
311311,47.201576,-1.545025,47452
311311,47.196110,-1.543068,47461
311311,47.196110,-1.543068,47462
311311,47.196110,-1.543068,47471
311311,47.196110,-1.543068,47472
311311,47.191780,-1.548658,47481
311311,47.191780,-1.548658,47482
311311,47.191780,-1.548658,47491
311311,47.189276,-1.551683,47492
311311,47.189276,-1.551683,47501
311311,47.189276,-1.551683,47502
311311,47.186050,-1.554021,47511
311311,47.186050,-1.554021,47512
311311,47.186050,-1.554021,47521
311311,47.184812,-1.559761,47522
311311,47.184812,-1.559761,47531
311311,47.184812,-1.559761,47532
311311,47.184433,-1.562818,47541
311311,47.184433,-1.562818,47542
311311,47.184433,-1.562818,47551
311311,47.184433,-1.562818,47552
311311,47.183228,-1.570279,47561
311311,47.183228,-1.570279,47562
311311,47.183228,-1.570279,47571
311311,47.183228,-1.570279,47572
311311,47.181336,-1.579687,47581
311311,47.181336,-1.579687,47582
311311,47.181336,-1.579687,47591
311311,47.180692,-1.586688,47592
311311,47.180692,-1.586688,47601
311311,47.177249,-1.592962,47602
311312,47.227006,-1.569419,48222
311312,47.227006,-1.569419,48231
311312,47.224090,-1.565217,48232
311312,47.224090,-1.565217,48241
311312,47.224090,-1.565217,48242
311312,47.221208,-1.562625,48251
311312,47.221208,-1.562625,48252
311312,47.221208,-1.562625,48261
311312,47.218362,-1.560060,48262
311312,47.218362,-1.560060,48271
311312,47.218362,-1.560060,48272
311312,47.217071,-1.558186,48281
311312,47.217071,-1.558186,48282
311312,47.217071,-1.558186,48291
311312,47.217071,-1.558186,48292
311312,47.214346,-1.555726,48301
311312,47.214346,-1.555726,48302
311312,47.214346,-1.555726,48311
311312,47.214346,-1.555726,48312
311312,47.211508,-1.552937,48321
311312,47.211508,-1.552937,48322
310373,47.221551,-1.562794,47902
310373,47.221551,-1.562794,47911
310373,47.221551,-1.562794,47912
310373,47.224385,-1.565565,47921
310373,47.224385,-1.565565,47922
310373,47.224385,-1.565565,47931
310373,47.227319,-1.569762,47932
310373,47.227319,-1.569762,47941
310373,47.230102,-1.572943,47942
310373,47.230102,-1.572943,47951
310373,47.230102,-1.572943,47952
310373,47.232927,-1.577682,47961
310373,47.232927,-1.577682,47962
310373,47.232927,-1.577682,47971
310373,47.235117,-1.582562,47972
310373,47.235117,-1.582562,47981
310373,47.238295,-1.587266,47982
310373,47.238295,-1.587266,47991
310373,47.238295,-1.587266,47992
310373,47.240325,-1.591467,48001
310373,47.240325,-1.591467,48002
310373,47.240325,-1.591467,48011
310373,47.243414,-1.591507,48012
310373,47.243414,-1.591507,48021
310373,47.246207,-1.594045,48022
310373,47.246207,-1.594045,48031
310373,47.249381,-1.598001,48032
310373,47.249381,-1.598001,48041
310373,47.249381,-1.598001,48042
310373,47.246891,-1.603524,48051
310373,47.246891,-1.603524,48052
310373,47.246891,-1.603524,48061
310373,47.245588,-1.608903,48062
310373,47.245588,-1.608903,48071
310373,47.246035,-1.616510,48072
310380,47.221551,-1.562794,48402
310380,47.221551,-1.562794,48411
310380,47.221551,-1.562794,48412
310380,47.224385,-1.565565,48421
310380,47.224385,-1.565565,48422
310380,47.224385,-1.565565,48431
310380,47.227319,-1.569762,48432
310380,47.227319,-1.569762,48441
310380,47.230102,-1.572943,48442
310380,47.230102,-1.572943,48451
310380,47.230102,-1.572943,48452
310380,47.232927,-1.577682,48461
310380,47.232927,-1.577682,48462
310380,47.232927,-1.577682,48471
310380,47.235117,-1.582562,48472
310380,47.235117,-1.582562,48481
310380,47.238295,-1.587266,48482
310380,47.238295,-1.587266,48491
310380,47.238295,-1.587266,48492
310380,47.240325,-1.591467,48501
310380,47.240325,-1.591467,48502
310380,47.240325,-1.591467,48511
310380,47.243414,-1.591507,48512
310380,47.243414,-1.591507,48521
310380,47.246207,-1.594045,48522
310380,47.246207,-1.594045,48531
310380,47.249381,-1.598001,48532
310380,47.249381,-1.598001,48541
310380,47.249381,-1.598001,48542
310380,47.246891,-1.603524,48551
310380,47.246891,-1.603524,48552
310380,47.246891,-1.603524,48561
310380,47.245588,-1.608903,48562
310380,47.245588,-1.608903,48571
310380,47.246035,-1.616510,48572
1210669,47.228243,-1.561762,49042
1210669,47.228243,-1.561762,49051
1210669,47.225791,-1.559674,49052
1210669,47.225791,-1.559674,49061
1210669,47.222213,-1.556585,49062
1210669,47.222213,-1.556585,49071
1210669,47.221526,-1.556033,49072
1210669,47.221526,-1.556033,49081
1210669,47.219769,-1.555633,49082
1210669,47.219769,-1.555633,49091
1210669,47.218053,-1.557243,49092
1210669,47.218053,-1.557243,49101
1210669,47.217756,-1.554252,49102
1210669,47.217756,-1.554252,49111
1210669,47.218069,-1.551758,49112
1210669,47.218069,-1.551758,49121
1210669,47.218778,-1.550488,49122
1210669,47.218778,-1.550488,49131
1210669,47.220182,-1.546885,49132
1210669,47.220182,-1.546885,49141
1210669,47.221691,-1.542809,49142
1210669,47.221691,-1.542809,49151
1210669,47.223580,-1.538367,49152
1210669,47.223580,-1.538367,49161
1210669,47.225540,-1.537349,49162
1210669,47.225540,-1.537349,49171
1210669,47.227083,-1.532712,49172
1210669,47.227083,-1.532712,49181
1210669,47.225505,-1.529183,49182
1210669,47.225505,-1.529183,49191
1210669,47.228240,-1.526524,49192
1210669,47.228240,-1.526524,49201
1210669,47.226054,-1.523045,49202
1210669,47.226054,-1.523045,49211
1210669,47.227001,-1.518714,49212
1210669,47.227001,-1.518714,49221
1210669,47.227559,-1.515541,49222
1210669,47.227559,-1.515541,49231
1210669,47.229744,-1.511060,49232
1210669,47.229744,-1.511060,49241
1210669,47.232238,-1.507125,49242
1210669,47.232238,-1.507125,49251
1210669,47.235620,-1.504132,49252
1210669,47.235620,-1.504132,49261
1210669,47.235870,-1.508363,49262
1210669,47.235870,-1.508363,49271
1210669,47.238630,-1.507401,49272
1210669,47.238630,-1.507401,49281
1210669,47.241027,-1.508567,49282
1210669,47.241027,-1.508567,49291
1210669,47.244252,-1.509704,49292
1210669,47.244252,-1.509704,49301
1210669,47.246528,-1.511474,49302
1210669,47.246528,-1.511474,49311
1210669,47.247536,-1.514130,49312
1210669,47.247536,-1.514130,49321
1210669,47.248804,-1.517289,49322
1211670,47.221497,-1.555810,48832
1211670,47.221497,-1.555810,48841
1211670,47.222820,-1.556986,48842
1211670,47.222820,-1.556986,48851
1211670,47.225455,-1.559242,48852
1211670,47.225455,-1.559242,48861
1211670,47.227962,-1.561387,48862
1211670,47.227962,-1.561387,48871
1211670,47.230873,-1.563784,48872
1211670,47.230873,-1.563784,48881
1211670,47.232621,-1.565243,48882
1211670,47.232621,-1.565243,48891
1211670,47.235797,-1.567891,48892
1211670,47.235797,-1.567891,48901
1211670,47.237980,-1.569856,48902
1211670,47.237980,-1.569856,48911
1211670,47.239674,-1.571515,48912
1211670,47.239674,-1.571515,48921
1211670,47.239736,-1.577996,48922
1211670,47.239736,-1.577996,48931
1211670,47.239378,-1.585073,48932
1211670,47.239378,-1.585073,48941
1211670,47.237918,-1.586113,48942
5411647,47.223676,-1.571614,50392
5411647,47.223676,-1.571614,50401
5411647,47.221102,-1.572971,50402
5411647,47.221102,-1.572971,50411
5411647,47.219529,-1.571184,50412
5411647,47.219529,-1.571184,50421
5411647,47.217714,-1.569062,50422
5411647,47.217714,-1.569062,50431
5411647,47.216681,-1.567089,50432
5411647,47.216681,-1.567089,50441
5411647,47.215227,-1.564157,50442
5411647,47.215227,-1.564157,50451
5411647,47.215696,-1.559303,50452
5411647,47.215696,-1.559303,50461
5411647,47.214461,-1.555743,50462
5411647,47.214461,-1.555743,50471
5411647,47.212325,-1.552970,50472
5411647,47.212325,-1.552970,50481
5411647,47.214134,-1.548953,50482
5411647,47.214134,-1.548953,50491
5411647,47.215956,-1.544871,50492
5411647,47.215956,-1.544871,50501
5411647,47.215932,-1.541769,50502
5411647,47.215932,-1.541769,50511
5411647,47.214252,-1.537466,50512
5410662,47.223954,-1.572170,50632
5410662,47.223954,-1.572170,50641
5410662,47.223805,-1.575378,50642
5410662,47.223805,-1.575378,50651
5410662,47.225009,-1.579384,50652
5410662,47.225009,-1.579384,50661
5410662,47.226399,-1.582673,50662
5410662,47.226399,-1.582673,50671
5410662,47.229027,-1.588021,50672
5410662,47.229027,-1.588021,50681
5410662,47.231118,-1.591770,50682
5410662,47.231118,-1.591770,50691
5410662,47.233875,-1.594859,50692
5410662,47.233875,-1.594859,50701
5410662,47.236255,-1.596559,50702
5410662,47.236255,-1.596559,50711
5410662,47.238484,-1.598377,50712
5410662,47.238484,-1.598377,50721
5410662,47.239567,-1.601253,50722
5410662,47.239567,-1.601253,50731
5410662,47.240202,-1.604246,50732
5410662,47.240202,-1.604246,50741
5410662,47.242476,-1.607914,50742
5410662,47.242476,-1.607914,50751
5410662,47.244497,-1.606189,50752
5410662,47.244497,-1.606189,50761
5410662,47.245681,-1.608811,50762
5410662,47.245681,-1.608811,50771
5410662,47.245159,-1.612377,50772
5410662,47.245159,-1.612377,50781
5410662,47.245802,-1.615719,50782
C211828,47.228243,-1.561762,51892
C211828,47.228243,-1.561762,51901
C211828,47.225791,-1.559674,51902
C211828,47.225791,-1.559674,51911
C211828,47.222213,-1.556585,51912
C211828,47.222213,-1.556585,51921
C211828,47.221526,-1.556033,51922
C211828,47.221526,-1.556033,51931
C211828,47.219769,-1.555633,51932
C211828,47.219769,-1.555633,51941
C211828,47.218053,-1.557243,51942
C211828,47.218053,-1.557243,51951
C211828,47.216669,-1.556843,51952
C211828,47.216669,-1.556843,51961
C211828,47.214461,-1.555743,51962
C211828,47.214461,-1.555743,51971
C211828,47.212325,-1.552970,51972
C211828,47.212325,-1.552970,51981
C211828,47.214134,-1.548953,51982
C211828,47.214134,-1.548953,51991
C211828,47.215956,-1.544871,51992
C211828,47.215956,-1.544871,52001
C211828,47.215932,-1.541769,52002
C210836,47.221497,-1.555810,52092
C210836,47.221497,-1.555810,52101
C210836,47.222820,-1.556986,52102
C210836,47.222820,-1.556986,52111
C210836,47.225455,-1.559242,52112
C210836,47.225455,-1.559242,52121
C210836,47.227962,-1.561387,52122
C210836,47.227962,-1.561387,52131
C210836,47.230873,-1.563784,52132
C210836,47.230873,-1.563784,52141
C210836,47.232621,-1.565243,52142
C210836,47.232621,-1.565243,52151
C210836,47.235797,-1.567891,52152
C210836,47.235797,-1.567891,52161
C210836,47.237980,-1.569856,52162
C210836,47.237980,-1.569856,52171
C210836,47.239674,-1.571515,52172
C210836,47.239674,-1.571515,52181
C210836,47.240872,-1.572720,52182
C210836,47.240872,-1.572720,52191
C210836,47.244322,-1.575383,52192
C210836,47.244322,-1.575383,52201
C210836,47.248934,-1.577037,52202
C210836,47.248934,-1.577037,52211
C210836,47.250843,-1.576622,52212
C210836,47.250843,-1.576622,52221
C210836,47.252811,-1.576200,52222
C210836,47.252811,-1.576200,52231
C210836,47.254883,-1.576118,52232
C210836,47.254883,-1.576118,52241
C210836,47.257125,-1.575632,52242
C210836,47.257125,-1.575632,52251
C210836,47.260142,-1.574759,52252
C210836,47.260142,-1.574759,52261
C210836,47.261416,-1.574548,52262
C210836,47.261416,-1.574548,52271
C210836,47.264204,-1.576973,52272
C210836,47.264204,-1.576973,52281
C210836,47.263588,-1.579382,52282
C210836,47.263588,-1.579382,52291
C210836,47.261653,-1.584478,52292
NO104,47.228243,-1.561762,54492
NO104,47.228243,-1.561762,54501
NO104,47.225791,-1.559674,54502
NO104,47.225791,-1.559674,54511
NO104,47.222213,-1.556585,54512
NO104,47.222213,-1.556585,54521
NO104,47.221526,-1.556033,54522
NO104,47.221526,-1.556033,54531
NO104,47.219769,-1.555633,54532
NO104,47.219769,-1.555633,54541
NO104,47.218053,-1.557243,54542
NO104,47.218053,-1.557243,54551
NO104,47.216669,-1.556843,54552
NO104,47.216669,-1.556843,54561
NO104,47.214461,-1.555743,54562
NO104,47.214461,-1.555743,54571
NO104,47.210003,-1.555772,54572
NO104,47.210003,-1.555772,54581
NO104,47.204530,-1.555042,54582
NO104,47.204530,-1.555042,54591
NO104,47.204002,-1.560178,54592
NO104,47.204002,-1.560178,54601
NO104,47.204258,-1.565084,54602
NO104,47.204258,-1.565084,54611
NO104,47.203775,-1.569778,54612
NO104,47.203775,-1.569778,54621
NO104,47.200282,-1.573202,54622
NO105,47.228243,-1.561762,55022
NO105,47.228243,-1.561762,55031
NO105,47.225791,-1.559674,55032
NO105,47.225791,-1.559674,55041
NO105,47.222213,-1.556585,55042
NO105,47.222213,-1.556585,55051
NO105,47.221526,-1.556033,55052
NO105,47.221526,-1.556033,55061
NO105,47.219769,-1.555633,55062
NO105,47.219769,-1.555633,55071
NO105,47.218053,-1.557243,55072
NO105,47.218053,-1.557243,55081
NO105,47.216669,-1.556843,55082
NO105,47.216669,-1.556843,55091
NO105,47.214461,-1.555743,55092
2610472,47.224453,-1.571146,63182
2610472,47.224453,-1.571146,63191
2610472,47.227136,-1.570130,63192
2610472,47.227136,-1.570130,63201
2610472,47.229654,-1.569225,63202
2610472,47.229654,-1.569225,63211
2610472,47.231205,-1.568655,63212
2610472,47.231205,-1.568655,63221
2610472,47.233078,-1.566055,63222
2610472,47.233078,-1.566055,63231
2610472,47.236339,-1.563269,63232
2610472,47.236339,-1.563269,63241
2610472,47.240090,-1.559523,63242
2610472,47.240090,-1.559523,63251
2610472,47.241540,-1.556267,63252
2610472,47.241540,-1.556267,63261
2610472,47.243705,-1.557199,63262
2610472,47.243705,-1.557199,63271
2610472,47.244991,-1.561925,63272
2610472,47.244991,-1.561925,63281
2610472,47.247619,-1.567781,63282
2610472,47.247619,-1.567781,63291
2610472,47.249978,-1.568703,63292
2610472,47.249978,-1.568703,63301
2610472,47.251644,-1.565961,63302
2610472,47.251644,-1.565961,63311
2610472,47.253031,-1.560843,63312
2610472,47.253031,-1.560843,63321
2610472,47.252826,-1.556833,63322
2610472,47.252826,-1.556833,63331
2610472,47.252228,-1.552692,63332
2610472,47.252228,-1.552692,63341
2610472,47.252494,-1.548298,63342
2610472,47.252494,-1.548298,63351
2610472,47.252215,-1.545171,63352
2610472,47.252215,-1.545171,63361
2610472,47.251732,-1.540770,63362
2611473,47.227743,-1.570057,62732
2611473,47.227743,-1.570057,62741
2611473,47.223676,-1.571614,62742
2611473,47.223676,-1.571614,62751
2611473,47.221102,-1.572971,62752
2611473,47.221102,-1.572971,62761
2611473,47.219529,-1.571184,62762
2611473,47.219529,-1.571184,62771
2611473,47.217714,-1.569062,62772
2611473,47.217714,-1.569062,62781
2611473,47.216681,-1.567089,62782
2611473,47.216681,-1.567089,62791
2611473,47.215227,-1.564157,62792
2611473,47.215227,-1.564157,62801
2611473,47.215696,-1.559303,62802
2611473,47.215696,-1.559303,62811
2611473,47.214461,-1.555743,62812
2611473,47.214461,-1.555743,62821
2611473,47.210003,-1.555772,62822
2611473,47.210003,-1.555772,62831
2611473,47.205591,-1.554891,62832
2611473,47.205591,-1.554891,62841
2611473,47.203599,-1.552043,62842
2611473,47.203599,-1.552043,62851
2611473,47.201502,-1.553651,62852
2611473,47.201502,-1.553651,62861
2611473,47.200738,-1.545552,62862
2611473,47.200738,-1.545552,62871
2611473,47.201625,-1.543585,62872
2611473,47.201625,-1.543585,62881
2611473,47.203331,-1.541410,62882
2611473,47.203331,-1.541410,62891
2611473,47.203177,-1.539615,62892
2611473,47.203177,-1.539615,62901
2611473,47.202485,-1.537102,62902
2611473,47.202485,-1.537102,62911
2611473,47.203690,-1.534002,62912
2611473,47.203690,-1.534002,62921
2611473,47.205127,-1.531838,62922
2611473,47.205127,-1.531838,62931
2611473,47.207064,-1.532726,62932
2611473,47.207064,-1.532726,62941
2611473,47.208186,-1.529702,62942
2611473,47.208186,-1.529702,62951
2611473,47.209396,-1.527526,62952
2611473,47.209396,-1.527526,62961
2611473,47.210373,-1.525995,62962
