from_stop_id,to_stop_id,transfer_type,min_transfer_time
10001,10002,0,
10002,10001,0,
12189,12191,0,
10019,10020,0,
10020,10019,0,
10021,10022,0,
10022,10021,0,
10023,10024,0,
10024,10023,0,
13033,13034,0,
13033,13035,0,
13033,13036,0,
13034,13033,0,
13034,13035,0,
13034,13036,0,
13035,13033,0,
13035,13034,0,
13035,13036,0,
13036,13033,0,
13036,13034,0,
13036,13035,0,
13031,13032,0,
13032,13031,0,
10027,10028,0,
10028,10027,0,
12086,12089,0,
12089,12086,0,
10031,10032,0,
10032,10031,0,
12016,12017,0,
12017,12016,0,
10033,10034,0,
10034,10033,0,
10037,10038,0,
10038,10037,0,
10042,10043,0,
10043,10042,0,
12229,12228,0,
12228,12229,0,
10044,10045,0,
10045,10044,0,
10055,10056,0,
10056,10055,0,
12164,12165,0,
12164,12368,0,
12165,12164,0,
12165,12368,0,
10057,10058,0,
10058,10057,0,
10059,10060,0,
10060,10059,0,
10065,10066,0,
10066,10065,0,
12951,12950,0,
12950,12951,0,
10076,10077,0,
10076,12990,0,
10076,13137,0,
10077,10076,0,
10077,12990,0,
10077,13137,0,
13155,13156,0,
13156,13155,0,
22484,22487,0,
22487,22484,0,
22483,23324,0,
10082,10083,0,
10083,10082,0,
10086,10087,0,
10087,10086,0,
10088,10089,0,
10089,10088,0,
10090,10091,0,
10091,10090,0,
10092,10093,0,
10093,10092,0,
10094,10095,0,
10095,10094,0,
10098,10099,0,
10098,12568,0,
10099,10098,0,
10100,10101,0,
10101,10100,0,
10102,10103,0,
10103,10102,0,
10105,10106,0,
10106,10105,0,
12325,12329,0,
12329,12325,0,
13200,12210,0,
13200,12211,0,
12210,13200,0,
12210,12211,0,
12211,13200,0,
12211,12210,0,
10115,10116,0,
10116,10115,0,
10119,12524,0,
10119,10125,0,
10119,13199,0,
10119,12983,0,
12524,10119,0,
12524,10125,0,
12524,13199,0,
12524,12983,0,
10125,10119,0,
10125,12524,0,
10125,13199,0,
10125,12983,0,
13199,10119,0,
13199,12524,0,
13199,10125,0,
13199,12983,0,
13199,13144,0,
13199,10126,0,
13199,10127,0,
12983,10119,0,
12983,12524,0,
12983,10125,0,
12983,13199,0,
12983,13144,0,
12983,10126,0,
12983,10127,0,
13144,13199,0,
13144,12983,0,
10126,13199,0,
10126,12983,0,
10126,10127,0,
10127,13199,0,
10127,12983,0,
10127,10126,0,
10128,10129,0,
10128,12138,0,
10129,10128,0,
10130,10131,0,
10131,10130,0,
10132,12925,0,
12925,10132,0,
10134,10135,0,
10134,12987,0,
10134,13140,0,
10135,10134,0,
10135,12987,0,
10135,13140,0,
12987,10134,0,
12987,10135,0,
12987,13140,0,
13140,10134,0,
13140,10135,0,
13140,12987,0,
10138,10139,0,
10139,10138,0,
10140,10141,0,
10141,10140,0,
10144,10145,0,
10145,10144,0,
10150,10152,0,
10150,10154,0,
10150,13250,0,
10152,10150,0,
10152,10154,0,
10152,13250,0,
10154,10150,0,
10154,10152,0,
10154,13250,0,
13250,10150,0,
13250,10152,0,
13250,10154,0,
10155,10156,0,
10156,10155,0,
11929,11932,0,
11932,11929,0,
10157,10158,0,
10158,10157,0,
10159,10160,0,
10160,10159,0,
13096,13097,0,
13097,13096,0,
13017,13025,0,
13025,13017,0,
10165,10166,0,
10166,10165,0,
10167,10168,0,
10168,10167,0,
12337,12344,0,
12344,12337,0,
10173,10174,0,
10173,12182,0,
10173,12183,0,
10174,10173,0,
10174,12182,0,
10174,12183,0,
12182,10173,0,
12182,10174,0,
12182,12183,0,
12183,10173,0,
12183,10174,0,
12183,12182,0,
10178,10179,0,
10179,10178,0,
12861,12862,0,
12862,12861,0,
10183,10184,0,
10184,10183,0,
11984,12015,0,
12015,11984,0,
12753,12741,0,
12753,12742,0,
12753,12743,0,
12753,12744,0,
12753,13215,0,
12753,12746,0,
12753,13350,0,
12753,13351,0,
12741,12753,0,
12741,12742,0,
12741,12743,0,
12741,12744,0,
12741,13215,0,
12741,12746,0,
12741,13350,0,
12741,13351,0,
12742,12753,0,
12742,12741,0,
12742,12743,0,
12742,12744,0,
12742,13215,0,
12742,12746,0,
12742,13350,0,
12742,13351,0,
12743,12753,0,
12743,12741,0,
12743,12742,0,
12743,12744,0,
12743,13215,0,
12743,12746,0,
12743,13350,0,
12743,13351,0,
12744,12753,0,
12744,12741,0,
12744,12742,0,
12744,12743,0,
12744,13215,0,
12744,12746,0,
12744,13350,0,
12744,13351,0,
13215,12753,0,
13215,12741,0,
13215,12742,0,
13215,12743,0,
13215,12744,0,
13215,12746,0,
13215,13350,0,
13215,13351,0,
12746,12753,0,
12746,12741,0,
12746,12742,0,
12746,12743,0,
12746,12744,0,
12746,13215,0,
12746,13350,0,
12746,13351,0,
10204,10205,0,
10205,10204,0,
10206,10207,0,
10207,10206,0,
10214,10215,0,
10214,10210,0,
10214,10212,0,
10214,10213,0,
10215,10214,0,
10215,10210,0,
10215,10212,0,
10215,10213,0,
10210,10214,0,
10210,10215,0,
10210,10212,0,
10210,10213,0,
10212,10214,0,
10212,10215,0,
10212,10210,0,
10212,10213,0,
10213,10214,0,
10213,10215,0,
10213,10210,0,
10213,10212,0,
10216,10217,0,
10217,10216,0,
10218,10219,0,
10219,10218,0,
13314,13315,0,
13315,13314,0,
10226,10227,0,
10227,10226,0,
10228,10229,0,
10229,10228,0,
10233,10234,0,
10234,10233,0,
10235,10236,0,
10236,10235,0,
11772,11770,0,
11770,11772,0,
13029,13030,0,
13030,13029,0,
10240,10241,0,
10241,10240,0,
10244,10245,0,
10245,10244,0,
10246,10247,0,
10247,10246,0,
12178,12179,0,
12178,11418,0,
12178,11419,0,
12179,12178,0,
12179,11418,0,
12179,11419,0,
11418,12178,0,
11418,12179,0,
11418,11419,0,
11419,12178,0,
11419,12179,0,
11419,11418,0,
10252,10253,0,
10253,10252,0,
10254,10255,0,
10255,10254,0,
12823,12824,0,
12824,12823,0,
10258,10259,0,
10259,10258,0,
10260,10261,0,
10261,10260,0,
10264,10265,0,
10264,12580,0,
10264,13180,0,
10265,10264,0,
10265,12580,0,
10265,13180,0,
12580,10264,0,
12580,10265,0,
12580,13180,0,
13180,10264,0,
13180,10265,0,
13180,12580,0,
13011,13012,0,
13011,12111,0,
13011,12476,0,
13011,12121,0,
13012,13011,0,
13012,12111,0,
13012,12476,0,
13012,12121,0,
10268,12985,0,
10268,13142,0,
10268,10271,0,
12985,10268,0,
12985,13142,0,
12985,10271,0,
13142,10268,0,
13142,12985,0,
13142,10271,0,
10271,10268,0,
10271,12985,0,
10271,13142,0,
10278,10279,0,
10278,12869,0,
10279,10278,0,
10279,12869,0,
12869,10278,0,
12869,10279,0,
10280,10281,0,
10281,10280,0,
10282,10283,0,
10283,10282,0,
10284,10285,0,
10285,10284,0,
12551,12552,0,
12552,12551,0,
10286,10287,0,
10287,10286,0,
10288,10289,0,
10289,10288,0,
10296,10297,0,
10297,10296,0,
13047,13056,0,
13056,13047,0,
10306,10307,0,
10306,13338,0,
10307,10306,0,
10307,13338,0,
13338,10306,0,
13338,10307,0,
10308,10309,0,
10309,10308,0,
12991,13136,0,
12991,12056,0,
12991,12057,0,
13136,12991,0,
13136,12056,0,
13136,12057,0,
10314,10315,0,
10315,10314,0,
10316,10317,0,
10317,10316,0,
12174,12175,0,
12175,12174,0,
11997,12002,0,
12002,11997,0,
10324,10325,0,
10325,10324,0,
10326,10327,0,
10327,10326,0,
12257,12260,0,
12260,12257,0,
13239,13240,0,
13240,13239,0,
10328,10329,0,
10329,10328,0,
13247,13243,0,
13247,11903,0,
13247,11904,0,
13247,10672,0,
13247,10673,0,
13243,13247,0,
13243,11903,0,
13243,11904,0,
13243,10672,0,
13243,10673,0,
10332,10333,0,
10332,10703,0,
10332,10704,0,
10332,13352,0,
10332,13353,0,
10333,10332,0,
10333,10703,0,
10333,10704,0,
10333,13352,0,
10333,13353,0,
10703,10332,0,
10703,10333,0,
10703,10704,0,
10703,13352,0,
10703,13353,0,
10704,10332,0,
10704,10333,0,
10704,10703,0,
10704,13352,0,
10704,13353,0,
11986,12013,0,
12013,11986,0,
11998,12001,0,
12001,11998,0,
10335,10336,0,
10335,12117,0,
10336,10335,0,
10342,10343,0,
10343,10342,0,
11994,12005,0,
12005,11994,0,
10344,11759,0,
11759,10344,0,
10350,10351,0,
10350,13279,0,
10351,10350,0,
10351,13279,0,
10352,12074,0,
12074,10352,0,
10354,10355,0,
10355,10354,0,
10356,10357,0,
10357,10356,0,
11491,11492,0,
11492,11491,0,
10358,10359,0,
10359,10358,0,
10360,10361,0,
10361,10360,0,
11931,11930,0,
11930,11931,0,
10117,10118,0,
10118,10117,0,
10364,10365,0,
10365,10364,0,
10368,10369,0,
10368,12704,0,
10368,13172,0,
10369,10368,0,
10369,12704,0,
10369,13172,0,
12704,10368,0,
12704,10369,0,
12704,13172,0,
13172,10368,0,
13172,10369,0,
13172,12704,0,
10370,10371,0,
10371,10370,0,
38071,38072,0,
38072,38071,0,
38032,38031,0,
38031,38032,0,
10372,10373,0,
10373,10372,0,
10374,10375,0,
10375,10374,0,
10378,10379,0,
10379,10378,0,
13013,13022,0,
13022,13013,0,
38021,38022,0,
38022,38021,0,
10248,10249,0,
10249,10248,0,
38041,38042,0,
38042,38041,0,
38051,38052,0,
38052,38051,0,
38061,38062,0,
38062,38061,0,
10382,10383,0,
10383,10382,0,
10609,10610,0,
10609,13357,0,
10609,13358,0,
10610,10609,0,
10610,13357,0,
10610,13358,0,
10386,10387,0,
10386,13016,0,
10386,13023,0,
10386,11970,0,
10387,10386,0,
10387,13016,0,
10387,13023,0,
10387,11970,0,
10388,13173,0,
13173,10388,0,
10276,10277,0,
10276,10396,0,
10276,10397,0,
10276,13377,0,
10277,10276,0,
10277,10396,0,
10277,10397,0,
10277,13377,0,
10396,10276,0,
10396,10277,0,
10396,10397,0,
10396,13377,0,
10397,10276,0,
10397,10277,0,
10397,10396,0,
10397,13377,0,
13018,13026,0,
13026,13018,0,
10402,10403,0,
10403,10402,0,
13038,13039,0,
13039,13038,0,
10404,10405,0,
10405,10404,0,
10161,10162,0,
10162,10161,0,
10406,10407,0,
10407,13215,0,
10407,10406,0,
10411,12517,0,
12517,10411,0,
10412,10413,0,
10413,10412,0,
10416,10417,0,
10416,13008,0,
10417,10416,0,
10417,13008,0,
13008,10416,0,
13008,10417,0,
10419,10420,0,
10419,10421,0,
10419,10418,0,
10420,10419,0,
10420,10421,0,
10420,10418,0,
10421,10419,0,
10421,10420,0,
10421,10418,0,
10418,10419,0,
10418,10420,0,
10418,10421,0,
10422,10423,0,
10423,10422,0,
10424,12198,0,
12198,10424,0,
11900,10426,0,
10426,11900,0,
10427,10428,0,
10428,10427,0,
10429,10430,0,
10430,10429,0,
10433,10434,0,
10434,10433,0,
12061,12062,0,
12062,12061,0,
12166,12167,0,
12167,12166,0,
10438,10439,0,
10439,10438,0,
10440,10441,0,
10441,10440,0,
12258,12498,0,
12498,12258,0,
10446,10447,0,
10447,10446,0,
10450,10451,0,
10451,10450,0,
10452,10453,0,
10453,10452,0,
10454,10455,0,
10455,10454,0,
10458,10459,0,
10458,13279,0,
10459,10458,0,
10459,13279,0,
12945,12946,0,
12946,12945,0,
10462,10463,0,
10463,10462,0,
12451,12452,0,
12452,12451,0,
10468,10469,0,
10469,10468,0,
13103,13104,0,
13104,13103,0,
10471,10472,0,
10472,10471,0,
10473,10474,0,
10474,10473,0,
10477,10478,0,
10477,10604,0,
10477,10605,0,
10478,10477,0,
10478,10604,0,
10478,10605,0,
13191,13192,0,
13192,13191,0,
12099,10482,0,
10482,12099,0,
11909,11910,0,
11910,11909,0,
10487,12865,0,
13113,13114,0,
13113,12993,0,
13113,13134,0,
13113,11794,0,
13113,11796,0,
13113,10926,0,
13113,13050,0,
13114,13113,0,
13114,12993,0,
13114,13134,0,
13114,11794,0,
13114,11796,0,
13114,10926,0,
13114,13050,0,
12993,13113,0,
12993,13114,0,
12993,13134,0,
12993,11794,0,
12993,11796,0,
12993,10926,0,
12993,13050,0,
13134,13113,0,
13134,13114,0,
13134,12993,0,
13134,11794,0,
13134,11796,0,
13134,10926,0,
13134,13050,0,
10500,10501,0,
10500,10484,0,
10500,12058,0,
10500,12059,0,
10500,12539,0,
10501,10500,0,
10501,10484,0,
10501,12058,0,
10501,12059,0,
10501,12539,0,
10484,10500,0,
10484,10501,0,
10484,12058,0,
10484,12059,0,
10484,12539,0,
12058,10500,0,
12058,10501,0,
12058,10484,0,
12058,12059,0,
12058,12539,0,
12059,10500,0,
12059,10501,0,
12059,10484,0,
12059,12058,0,
12059,12539,0,
12539,10500,0,
12539,10501,0,
12539,10484,0,
12539,12058,0,
12539,12059,0,
10506,10507,0,
10506,12212,0,
10506,12213,0,
10506,10504,0,
10506,10505,0,
10507,10506,0,
10507,12212,0,
10507,12213,0,
10507,10504,0,
10507,10505,0,
12212,10506,0,
12212,10507,0,
12212,12213,0,
12212,10504,0,
12212,10505,0,
12213,10506,0,
12213,10507,0,
12213,12212,0,
12213,10504,0,
12213,10505,0,
10504,10506,0,
10504,10507,0,
10504,12212,0,
10504,12213,0,
10504,10505,0,
10505,10506,0,
10505,10507,0,
10505,12212,0,
10505,12213,0,
10505,10504,0,
12162,12163,0,
12162,12203,0,
12162,10736,0,
12162,12604,0,
12163,12162,0,
12163,12203,0,
12163,10736,0,
12163,12604,0,
12203,12162,0,
12203,12163,0,
12203,10736,0,
12203,12604,0,
10736,12162,0,
10736,12163,0,
10736,12203,0,
10736,12604,0,
10511,10512,0,
10512,10511,0,
23155,22575,0,
22575,23155,0,
23158,23154,0,
23154,23158,0,
10519,10520,0,
10520,10519,0,
22582,22581,0,
22581,22582,0,
22569,23148,0,
22568,23148,0,
12947,12948,0,
12948,12947,0,
10523,10524,0,
10524,10523,0,
22552,22551,0,
22551,22552,0,
12180,10615,0,
12180,10616,0,
22554,33259,0,
33259,22554,0,
10490,10491,0,
10490,10492,0,
10490,10493,0,
10491,10490,0,
10491,10492,0,
10491,10493,0,
10492,10490,0,
10492,10491,0,
10492,10493,0,
10493,10490,0,
10493,10491,0,
10493,10492,0,
10527,10528,0,
10528,10527,0,
10529,10530,0,
10530,10529,0,
10531,10532,0,
10532,10531,0,
13010,13019,0,
13010,13336,0,
13010,13337,0,
13019,13010,0,
13019,13336,0,
13019,13337,0,
13336,13010,0,
13336,13019,0,
13336,13337,0,
13337,13010,0,
13337,13019,0,
13337,13336,0,
10541,10542,0,
10542,10541,0,
10543,10544,0,
10544,10543,0,
11987,12012,0,
12012,11987,0,
12968,12969,0,
12969,12968,0,
10549,10550,0,
10550,10549,0,
10551,10552,0,
10552,10551,0,
10555,10556,0,
10556,10555,0,
12338,12343,0,
12343,12338,0,
12259,12356,0,
12356,12259,0,
10560,10561,0,
10561,10560,0,
10562,10563,0,
10563,10562,0,
10564,10565,0,
10565,10564,0,
10566,10567,0,
10567,10566,0,
10570,10571,0,
10571,10570,0,
31161,31162,0,
31162,31161,0,
33104,33103,0,
33103,33104,0,
10572,10573,0,
10573,10572,0,
31181,31182,0,
31182,31181,0,
10574,10575,0,
10575,10574,0,
10576,10577,0,
10577,10576,0,
10578,10579,0,
10579,10578,0,
12473,10583,0,
10583,12473,0,
22397,22393,0,
22393,22397,0,
22399,22632,0,
22399,23141,0,
22632,22399,0,
22632,23141,0,
23141,22399,0,
23141,22632,0,
10584,10585,0,
10585,10584,0,
12749,12750,0,
12750,12749,0,
12208,12215,0,
12215,12208,0,
10592,10593,0,
10593,10592,0,
13015,13024,0,
13024,13015,0,
10596,10597,0,
10597,10596,0,
11999,12022,0,
11999,12023,0,
12022,11999,0,
12022,12023,0,
12023,11999,0,
12023,12022,0,
10600,10601,0,
10600,11246,0,
10600,11247,0,
10601,10600,0,
10601,11246,0,
10601,11247,0,
11246,10600,0,
11246,10601,0,
11246,11247,0,
11247,10600,0,
11247,10601,0,
11247,11246,0,
10602,10603,0,
10603,10602,0,
10604,10605,0,
10605,10604,0,
12957,12958,0,
12958,12957,0,
10615,10616,0,
10616,10615,0,
10617,10618,0,
10618,10617,0,
10619,10620,0,
10620,10619,0,
10623,10624,0,
10623,10991,0,
10623,11694,0,
10624,10623,0,
10624,10991,0,
10624,11694,0,
10625,10626,0,
10626,10625,0,
10627,10628,0,
10628,10627,0,
10633,10634,0,
10634,10633,0,
10639,10640,0,
10640,10639,0,
10641,10642,0,
10642,10641,0,
11995,12004,0,
12004,11995,0,
10643,10644,0,
10644,10643,0,
12500,10586,0,
12500,10587,0,
12500,13410,0,
12500,13413,0,
10649,10650,0,
10650,10649,0,
10655,10656,0,
10656,10655,0,
12774,12777,0,
12777,12774,0,
10661,12865,0,
10661,10662,0,
12865,10661,0,
12865,10662,0,
10662,10661,0,
10662,12865,0,
10663,10664,0,
10664,10663,0,
12603,12162,0,
12603,12163,0,
12603,12203,0,
12603,10736,0,
12603,12604,0,
12604,12162,0,
12604,12163,0,
12604,12203,0,
12604,10736,0,
12604,12603,0,
12335,12346,0,
12346,12335,0,
11903,13247,0,
11903,13243,0,
11903,11904,0,
11903,10672,0,
11903,10673,0,
11904,13247,0,
11904,13243,0,
11904,11903,0,
11904,10672,0,
11904,10673,0,
10672,13247,0,
10672,13243,0,
10672,11903,0,
10672,11904,0,
10672,10673,0,
10673,13247,0,
10673,13243,0,
10673,11903,0,
10673,11904,0,
10673,10672,0,
12937,12949,0,
12949,12937,0,
10676,10677,0,
10677,10676,0,
12172,12173,0,
12173,12172,0,
10678,10679,0,
10678,12763,0,
10678,12860,0,
10679,10678,0,
10679,12763,0,
10679,12860,0,
12763,10678,0,
12763,10679,0,
12763,12860,0,
12860,10678,0,
12860,10679,0,
12860,12763,0,
10680,10681,0,
10681,10680,0,
10682,10683,0,
10683,10682,0,
10693,10694,0,
10694,10693,0,
12970,13119,0,
13119,12970,0,
13151,13152,0,
13151,12984,0,
13151,13143,0,
13152,13151,0,
13152,12984,0,
13152,13143,0,
12984,13151,0,
12984,13152,0,
12984,13143,0,
13143,13151,0,
13143,13152,0,
13143,12984,0,
10695,10696,0,
10696,10695,0,
10697,10698,0,
10698,10697,0,
13236,13237,0,
13237,13236,0,
10701,10702,0,
10702,10701,0,
12336,12345,0,
12345,12336,0,
12480,12481,0,
12481,12480,0,
12187,12188,0,
12187,12863,0,
12187,12864,0,
12188,12187,0,
12188,12863,0,
12188,12864,0,
10722,12246,0,
12246,10031,0,
12246,10722,0,
10725,10726,0,
10726,10725,0,
10727,10728,0,
10728,10727,0,
10730,10731,0,
10731,10730,0,
12863,12187,0,
12863,12188,0,
12863,12864,0,
12864,12187,0,
12864,12188,0,
12864,12863,0,
10740,10741,0,
10741,10740,0,
10586,10587,0,
10586,12996,0,
10586,12999,0,
10587,10586,0,
10587,12996,0,
10587,12999,0,
12996,10586,0,
12996,10587,0,
12996,12999,0,
12999,10586,0,
12999,10587,0,
12999,12996,0,
10752,10753,0,
10753,10752,0,
10754,10755,0,
10755,10754,0,
10756,10757,0,
10757,10756,0,
10758,10759,0,
10759,12604,0,
10759,10758,0,
11846,12722,0,
11846,12111,0,
11846,12476,0,
11846,12121,0,
11846,11598,0,
11846,11599,0,
12722,11846,0,
12722,12111,0,
12722,12476,0,
12722,12121,0,
12722,11598,0,
12722,11599,0,
10760,10761,0,
10760,13165,0,
10761,10760,0,
10762,10763,0,
10763,10762,0,
10764,10765,0,
10765,10764,0,
11985,12014,0,
12014,11985,0,
10768,10769,0,
10769,10768,0,
10770,10771,0,
10771,10770,0,
10772,10773,0,
10773,10772,0,
13061,13062,0,
13061,13090,0,
13062,13061,0,
13062,13090,0,
13090,13061,0,
13090,13062,0,
10780,10781,0,
10781,10780,0,
22583,23026,0,
23026,22583,0,
22600,22599,0,
22599,22600,0,
22593,22594,0,
22594,22593,0,
12369,12370,0,
12370,12369,0,
10784,10785,0,
10785,10784,0,
22587,22585,0,
22585,22587,0,
22597,22598,0,
22598,22597,0,
10786,10787,0,
10787,10786,0,
11979,13371,0,
10788,10789,0,
10789,10788,0,
10790,10791,0,
10791,10790,0,
12158,12159,0,
12159,12158,0,
10795,10796,0,
10796,10795,0,
12955,12956,0,
12956,12955,0,
13339,13340,0,
13340,13339,0,
10797,10798,0,
10798,10797,0,
10805,10806,0,
10806,10805,0,
10807,10808,0,
10807,13328,0,
10807,13329,0,
10808,10807,0,
10808,13328,0,
10808,13329,0,
13328,10807,0,
13328,10808,0,
13328,13329,0,
13329,10807,0,
13329,10808,0,
13329,13328,0,
12954,10810,0,
10810,12954,0,
10813,10814,0,
10814,10813,0,
12125,12128,0,
12128,12125,0,
12731,12732,0,
12731,12733,0,
12731,12734,0,
12732,12731,0,
12732,12733,0,
12732,12734,0,
12733,12731,0,
12733,12732,0,
12733,12734,0,
12734,12731,0,
12734,12732,0,
12734,12733,0,
10822,13288,0,
12426,12427,0,
12427,12426,0,
10827,10828,0,
10827,12990,0,
10828,10827,0,
10828,12990,0,
10828,13137,0,
10829,10830,0,
10830,10829,0,
10831,10832,0,
10832,10831,0,
10833,10834,0,
10834,10833,0,
12408,12409,0,
12409,12408,0,
10841,10842,0,
10842,10841,0,
10843,10844,0,
10844,10843,0,
10845,10846,0,
10846,10845,0,
10847,10848,0,
10848,10847,0,
10853,10854,0,
10854,10853,0,
12562,12888,0,
12888,12562,0,
10855,10856,0,
10856,10855,0,
10859,10860,0,
10860,10859,0,
10861,10862,0,
10862,10861,0,
23040,23039,0,
23039,23040,0,
22523,22522,0,
22522,22523,0,
22519,22518,0,
22518,22519,0,
22531,22530,0,
22531,23092,0,
22530,22531,0,
22530,23092,0,
23092,22531,0,
23092,22530,0,
10864,13170,0,
10864,13171,0,
10865,13170,0,
10865,13171,0,
22527,22526,0,
22526,22527,0,
22529,22528,0,
22528,22529,0,
10868,10869,0,
10869,10868,0,
22517,22516,0,
22516,22517,0,
22525,22524,0,
22524,22525,0,
10870,10871,0,
10871,10870,0,
10651,10652,0,
10652,10651,0,
10878,10879,0,
10878,10875,0,
10878,10872,0,
10879,10878,0,
10879,10875,0,
10879,10872,0,
10875,10878,0,
10875,10879,0,
10875,10872,0,
10872,10878,0,
10872,10879,0,
10872,10875,0,
10880,10881,0,
10881,10880,0,
13083,13084,0,
13084,13083,0,
12195,10882,0,
12195,10883,0,
12195,12705,0,
10882,12195,0,
10882,10883,0,
10882,12705,0,
10883,12195,0,
10883,10882,0,
10883,12705,0,
12705,12195,0,
12705,10882,0,
12705,10883,0,
10884,10885,0,
10885,10884,0,
12461,12462,0,
12462,12461,0,
10886,10887,0,
10887,10886,0,
10888,10889,0,
10889,13155,0,
10889,13156,0,
10889,10888,0,
10892,10893,0,
10893,10892,0,
10894,10895,0,
10895,10894,0,
10896,10897,0,
10897,10896,0,
10902,10903,0,
10903,10902,0,
10904,10905,0,
10905,10904,0,
12271,12274,0,
12271,12341,0,
12274,12271,0,
12274,12341,0,
12341,12271,0,
12341,12274,0,
10907,13187,0,
13187,10907,0,
10916,10917,0,
10917,10916,0,
10918,10919,0,
10919,10918,0,
10920,10921,0,
10921,10920,0,
10922,10923,0,
10923,10922,0,
10924,11176,0,
11176,10924,0,
11794,13113,0,
11794,13114,0,
11794,12993,0,
11794,13134,0,
11794,11796,0,
11796,13113,0,
11796,13114,0,
11796,12993,0,
11796,13134,0,
11796,11794,0,
10926,13113,0,
10926,13114,0,
10926,12993,0,
10926,13134,0,
10926,13050,0,
13050,13113,0,
13050,13114,0,
13050,12993,0,
13050,13134,0,
13050,10926,0,
10931,10932,0,
10932,10931,0,
10939,12604,0,
10939,10940,0,
10939,12368,0,
10940,12603,0,
10940,12604,0,
10940,10939,0,
10940,12368,0,
10947,10948,0,
10947,11970,0,
10948,10947,0,
10948,11970,0,
10952,12786,0,
12786,10952,0,
10953,10954,0,
10954,10953,0,
11842,11843,0,
11843,11842,0,
10959,10960,0,
10960,10959,0,
10961,10962,0,
10962,10961,0,
10963,10964,0,
10964,10963,0,
12965,12966,0,
12966,10748,0,
12966,12965,0,
10975,10976,0,
10976,10975,0,
10977,10978,0,
10978,10977,0,
12123,12124,0,
12124,12123,0,
10979,10980,0,
10980,10979,0,
10981,10982,0,
10982,10981,0,
10987,10988,0,
10988,10987,0,
11717,11720,0,
11720,11717,0,
10991,10623,0,
10991,10624,0,
10991,11694,0,
10996,10507,0,
10996,10504,0,
10996,10505,0,
12467,12468,0,
12468,12467,0,
12521,12522,0,
12522,12521,0,
12464,12465,0,
12465,12464,0,
12990,10827,0,
12990,10828,0,
12990,13137,0,
13137,10828,0,
13137,12990,0,
10998,10999,0,
10999,10998,0,
11000,11001,0,
11001,11000,0,
11004,11005,0,
11005,11004,0,
11011,11012,0,
11012,11011,0,
11013,11014,0,
11014,11013,0,
13081,13082,0,
13082,13081,0,
11015,11016,0,
11016,11015,0,
13147,13285,0,
13148,13285,0,
11019,11020,0,
11020,11019,0,
11021,11022,0,
11022,11021,0,
11025,11026,0,
11026,11025,0,
11029,11030,0,
11030,11029,0,
13016,10386,0,
13016,10387,0,
13016,13023,0,
13016,11970,0,
13023,10386,0,
13023,10387,0,
13023,13016,0,
13023,11970,0,
11033,11034,0,
11034,11033,0,
12894,12900,0,
12900,12894,0,
11039,11040,0,
11040,11039,0,
11041,11042,0,
11042,11041,0,
11045,12865,0,
11045,11046,0,
11046,11045,0,
11047,11048,0,
11048,11047,0,
12526,12527,0,
12526,12528,0,
12526,12529,0,
12527,12526,0,
12527,12528,0,
12527,12529,0,
12528,12526,0,
12528,12527,0,
12528,12529,0,
12529,12526,0,
12529,12527,0,
12529,12528,0,
11050,12520,0,
11050,12933,0,
12520,11050,0,
12520,12933,0,
12933,11050,0,
12933,12520,0,
12410,12411,0,
12411,12410,0,
12867,12868,0,
12868,12867,0,
11991,12008,0,
12008,11991,0,
12455,12456,0,
12456,12455,0,
12892,12898,0,
12898,12892,0,
10811,10812,0,
10812,10811,0,
12138,10128,0,
12138,12137,0,
12138,11056,0,
12138,12134,0,
12138,12157,0,
12138,13400,0,
12137,12138,0,
12137,11056,0,
12137,12134,0,
12137,12157,0,
12137,13400,0,
11056,12138,0,
11056,12137,0,
11056,12134,0,
11056,12157,0,
11056,13400,0,
12365,13400,0,
12134,12138,0,
12134,12137,0,
12134,11056,0,
12134,12157,0,
12134,13400,0,
12157,12138,0,
12157,12137,0,
12157,11056,0,
12157,12134,0,
12157,13400,0,
11057,11058,0,
11058,11057,0,
12891,12897,0,
12897,12891,0,
11059,11060,0,
11060,11059,0,
11061,11062,0,
11062,11061,0,
12256,12261,0,
12261,12256,0,
22389,22390,0,
22390,22389,0,
22630,22631,0,
22631,22630,0,
22382,22381,0,
22381,22382,0,
22368,22367,0,
22367,22368,0,
22376,22377,0,
22377,22376,0,
22385,22386,0,
22386,22385,0,
22378,22379,0,
22379,22378,0,
22364,22365,0,
22365,22364,0,
22359,22360,0,
22360,22359,0,
22370,22371,0,
22370,22372,0,
22371,22370,0,
22371,22372,0,
22372,22370,0,
22372,22371,0,
11070,11071,0,
11071,11070,0,
11072,11073,0,
11073,11072,0,
11074,11075,0,
11075,11074,0,
11077,11078,0,
11078,11077,0,
12512,12513,0,
12513,12512,0,
11079,11080,0,
11080,11079,0,
12131,12132,0,
12131,12976,0,
12131,12977,0,
12132,12131,0,
12132,12976,0,
12132,12977,0,
12354,12355,0,
12355,12354,0,
12720,12721,0,
12720,11544,0,
12720,11545,0,
12721,12720,0,
12721,11544,0,
12721,11545,0,
11081,11082,0,
11082,11081,0,
11086,11087,0,
11087,11086,0,
11090,11091,0,
11090,11094,0,
11090,11097,0,
11090,11098,0,
11090,11099,0,
11091,11090,0,
11091,11094,0,
11091,11097,0,
11091,11098,0,
11091,11099,0,
11094,11090,0,
11094,11091,0,
11094,11097,0,
11094,11098,0,
11094,11099,0,
11097,11090,0,
11097,11091,0,
11097,11094,0,
11097,11098,0,
11097,11099,0,
11098,11090,0,
11098,11091,0,
11098,11094,0,
11098,11097,0,
11098,11099,0,
11099,11090,0,
11099,11091,0,
11099,11094,0,
11099,11097,0,
11099,11098,0,
11102,11103,0,
11103,11102,0,
22541,22542,0,
22542,22541,0,
23041,22540,0,
22540,23041,0,
11106,11107,0,
11107,11106,0,
12324,12330,0,
12330,12324,0,
11108,11109,0,
11109,11108,0,
11110,11111,0,
11111,11110,0,
11112,11113,0,
11113,11112,0,
13323,13322,0,
13322,13323,0,
12973,12975,0,
12975,12973,0,
13065,13066,0,
13066,13065,0,
11116,11117,0,
11117,11116,0,
11118,11119,0,
11119,11118,0,
11120,11121,0,
11121,11120,0,
11122,11123,0,
11123,11122,0,
12323,12331,0,
12331,12323,0,
11126,11127,0,
11126,12412,0,
11126,12413,0,
11126,13341,0,
11126,13342,0,
11127,11126,0,
11127,12412,0,
11127,12413,0,
11127,13341,0,
11127,13342,0,
12412,11126,0,
12412,11127,0,
12412,12413,0,
12412,13341,0,
12412,13342,0,
12413,11126,0,
12413,11127,0,
12413,12412,0,
12413,13341,0,
12413,13342,0,
13341,11126,0,
13341,11127,0,
13341,12412,0,
13341,12413,0,
13341,13342,0,
13342,11126,0,
13342,11127,0,
13342,12412,0,
13342,12413,0,
13342,13341,0,
11128,11129,0,
11129,11128,0,
11130,11131,0,
11131,11130,0,
11043,11044,0,
11043,11132,0,
11043,11133,0,
11044,11043,0,
11044,11132,0,
11044,11133,0,
11132,11043,0,
11132,11044,0,
11132,11133,0,
11133,11043,0,
11133,11044,0,
11133,11132,0,
11134,11135,0,
11135,11134,0,
11137,13059,0,
13059,11137,0,
13188,13189,0,
13189,13188,0,
12368,12603,0,
12368,12604,0,
12368,12367,0,
12367,12603,0,
12367,12604,0,
12367,12368,0,
11138,11139,0,
11139,11138,0,
11140,11141,0,
11141,11140,0,
11142,11143,0,
11143,11142,0,
12191,12189,0,
13087,13088,0,
13087,13165,0,
13088,13087,0,
13088,13165,0,
11146,11147,0,
11147,11146,0,
11148,11149,0,
11149,11148,0,
11150,11151,0,
11151,11150,0,
11152,12113,0,
12113,11152,0,
11154,11155,0,
11154,13330,0,
11155,11154,0,
11155,13330,0,
11156,11157,0,
11157,11156,0,
11158,11159,0,
11159,11158,0,
12738,12739,0,
12739,12738,0,
11164,11165,0,
11164,13120,0,
11164,13124,0,
11165,11164,0,
11165,13120,0,
11165,13124,0,
13120,11164,0,
13120,11165,0,
13120,13124,0,
13124,11164,0,
13124,11165,0,
13124,13120,0,
11166,11169,0,
11166,11170,0,
11166,11171,0,
11169,11166,0,
11169,11170,0,
11169,11171,0,
11170,11166,0,
11170,11169,0,
11170,11171,0,
11171,11166,0,
11171,11169,0,
11171,11170,0,
12992,13365,0,
13135,13365,0,
11177,11178,0,
11178,11177,0,
11179,11180,0,
11180,11179,0,
11844,11181,0,
11181,11844,0,
12322,12332,0,
12332,12322,0,
11183,11184,0,
11184,11183,0,
12548,12549,0,
12549,12548,0,
12087,12088,0,
12088,12087,0,
12988,13139,0,
13139,12988,0,
11187,11188,0,
11188,11187,0,
22409,23233,0,
22567,23999,0,
11189,11190,0,
11189,10208,0,
11189,10209,0,
11190,11189,0,
11190,10208,0,
11190,10209,0,
10208,11189,0,
10208,11190,0,
10208,10209,0,
10209,11189,0,
10209,11190,0,
10209,10208,0,
22408,23233,0,
11191,11192,0,
11192,11191,0,
11193,13265,0,
13265,11193,0,
12117,10335,0,
12117,12118,0,
12118,12117,0,
11195,11196,0,
11195,13364,0,
11196,11195,0,
11196,13364,0,
11199,11200,0,
11200,11199,0,
13041,13042,0,
13041,13285,0,
13042,13041,0,
13042,13285,0,
11201,11202,0,
11202,11201,0,
11203,11204,0,
11204,11203,0,
11207,11208,0,
11207,11209,0,
11207,12463,0,
11207,13289,0,
11208,11207,0,
11208,11209,0,
11208,12463,0,
11208,13289,0,
11209,11207,0,
11209,11208,0,
11209,12463,0,
11209,13289,0,
12463,11207,0,
12463,11208,0,
12463,11209,0,
12463,13289,0,
11210,11211,0,
11211,11210,0,
11212,11213,0,
11213,11212,0,
11214,11215,0,
11215,11214,0,
12482,12483,0,
12483,12482,0,
11217,11218,0,
11218,11217,0,
12980,12981,0,
12981,12980,0,
11990,12009,0,
12009,11990,0,
11221,11222,0,
11222,11221,0,
11224,11225,0,
11225,11224,0,
11228,11229,0,
11229,11228,0,
11230,11231,0,
11231,11230,0,
11236,11237,0,
11237,11236,0,
11242,11243,0,
11243,11242,0,
11244,11245,0,
11245,11244,0,
11249,11248,0,
11248,11249,0,
11250,11251,0,
11251,11250,0,
11252,11253,0,
11253,11252,0,
11256,11257,0,
11257,11256,0,
11260,11261,0,
11261,11260,0,
12775,12776,0,
12776,12775,0,
11269,13099,0,
11269,13379,0,
13099,11269,0,
13099,13379,0,
11270,11271,0,
11271,11270,0,
11272,11273,0,
11273,11272,0,
11992,12007,0,
12007,11992,0,
11276,11277,0,
11277,11276,0,
11027,11028,0,
11028,11027,0,
12056,12991,0,
12056,13136,0,
12056,12057,0,
12057,12991,0,
12057,13136,0,
12057,12056,0,
11284,11285,0,
11285,11284,0,
11935,13048,0,
13048,11935,0,
11294,11295,0,
11295,11294,0,
11296,11297,0,
11297,11296,0,
11298,12613,0,
12613,11298,0,
12352,12585,0,
12352,11927,0,
12352,13327,0,
12585,12352,0,
12585,11927,0,
12585,13327,0,
11927,12352,0,
11927,12585,0,
11927,13327,0,
13327,12352,0,
13327,12585,0,
13327,11927,0,
11302,11303,0,
11303,11302,0,
11304,11305,0,
11305,11304,0,
13288,10822,0,
13289,11207,0,
13289,11208,0,
13289,11209,0,
13289,12463,0,
12445,12446,0,
12446,12445,0,
13285,13147,0,
13285,13148,0,
13285,13041,0,
13285,13042,0,
13286,13373,0,
13286,13372,0,
11306,11307,0,
11307,11306,0,
12254,12263,0,
12263,12254,0,
11310,11311,0,
11311,11310,0,
11320,11321,0,
11321,11320,0,
11322,11323,0,
11323,11322,0,
11332,11333,0,
11333,11332,0,
11336,11337,0,
11337,11336,0,
11345,11346,0,
11346,11345,0,
11347,11348,0,
11348,11347,0,
11993,12006,0,
12006,11993,0,
11349,11350,0,
11350,11349,0,
11351,11352,0,
11352,11351,0,
11353,11354,0,
11354,11353,0,
11472,11473,0,
11473,11472,0,
11357,11358,0,
11358,11357,0,
11361,11362,0,
11362,11361,0,
23043,23044,0,
23044,23043,0,
11363,11364,0,
11364,11363,0,
23046,23045,0,
23045,23046,0,
22611,22610,0,
22610,22611,0,
22613,22612,0,
22612,22613,0,
11365,11366,0,
11366,11365,0,
12770,12771,0,
12771,12770,0,
11369,11370,0,
11370,11369,0,
11371,11372,0,
11372,11371,0,
11373,11374,0,
11374,11373,0,
11375,11376,0,
11376,11375,0,
11381,11382,0,
11382,11381,0,
12239,12238,0,
11384,11385,0,
11385,11384,0,
11386,11387,0,
11387,11386,0,
11390,11391,0,
11391,11390,0,
12339,12342,0,
12342,12339,0,
11392,11393,0,
11393,11392,0,
11394,11395,0,
11395,11394,0,
11396,11397,0,
11396,11398,0,
11396,11399,0,
11397,11396,0,
11397,11398,0,
11397,11399,0,
11398,11396,0,
11398,11397,0,
11398,11399,0,
11399,11396,0,
11399,11397,0,
11399,11398,0,
11407,11408,0,
11408,11407,0,
11409,11410,0,
11410,11409,0,
11411,11412,0,
11411,11460,0,
11411,11461,0,
11411,12071,0,
11411,11413,0,
11412,11411,0,
11412,11460,0,
11412,11461,0,
11412,12071,0,
11412,11413,0,
11460,11411,0,
11460,11412,0,
11460,11461,0,
11460,12071,0,
11460,11413,0,
11461,11411,0,
11461,11412,0,
11461,11460,0,
11461,12071,0,
11461,11413,0,
12071,11411,0,
12071,11412,0,
12071,11460,0,
12071,11461,0,
12071,11413,0,
11413,11411,0,
11413,11412,0,
11413,11460,0,
11413,11461,0,
11413,12071,0,
11414,11415,0,
11415,11414,0,
11416,11417,0,
11417,11416,0,
12583,12584,0,
12584,12583,0,
11424,11425,0,
11424,11422,0,
11424,11423,0,
11424,12866,0,
11425,11424,0,
11425,11422,0,
11425,11423,0,
11425,12866,0,
11422,11424,0,
11422,11425,0,
11422,11423,0,
11422,12866,0,
11423,11424,0,
11423,11425,0,
11423,11422,0,
11423,12866,0,
12866,11424,0,
12866,11425,0,
12866,11422,0,
12866,11423,0,
11426,11427,0,
11427,11426,0,
12067,12068,0,
12068,12067,0,
11435,11436,0,
11436,12482,0,
11436,11435,0,
13178,13179,0,
13179,13178,0,
13174,13175,0,
13175,13174,0,
12748,12751,0,
12751,12748,0,
11439,11440,0,
11440,11439,0,
13128,13129,0,
13128,13145,0,
13128,13146,0,
13129,13128,0,
13129,13145,0,
13129,13146,0,
13145,13128,0,
13145,13129,0,
13145,13146,0,
13146,13128,0,
13146,13129,0,
13146,13145,0,
13006,13007,0,
13007,13006,0,
12486,13345,0,
11444,11445,0,
11445,11444,0,
11446,11447,0,
11447,11446,0,
11448,11449,0,
11449,11448,0,
11450,11451,0,
11450,12296,0,
11450,12974,0,
11451,11450,0,
11451,12296,0,
11451,12974,0,
12296,11450,0,
12296,11451,0,
12296,12974,0,
12974,11450,0,
12974,11451,0,
12974,12296,0,
11452,11453,0,
11453,11452,0,
11456,11457,0,
11457,11456,0,
11458,11459,0,
11459,11458,0,
11462,11463,0,
11463,11462,0,
11464,11465,0,
11465,11464,0,
12153,12154,0,
12154,12153,0,
11454,11455,0,
11455,11454,0,
11474,11475,0,
11475,11474,0,
13165,13166,0,
13165,13086,0,
13165,13089,0,
13166,13165,0,
13166,13086,0,
13271,13278,0,
13278,13271,0,
35101,35102,0,
35102,35101,0,
31131,31132,0,
31132,31131,0,
11480,11481,0,
11481,11480,0,
32776,32775,0,
32775,32776,0,
11988,12011,0,
12011,11988,0,
11822,11827,0,
11827,11822,0,
12251,12252,0,
12252,12251,0,
31151,31152,0,
31152,31151,0,
31141,31142,0,
31142,31141,0,
11493,11494,0,
11494,11493,0,
11497,11498,0,
11498,11497,0,
11504,11505,0,
11504,12566,0,
11505,11504,0,
11505,12566,0,
12566,11504,0,
12566,11505,0,
11507,11506,0,
11508,11509,0,
11509,11508,0,
11512,11513,0,
11512,11568,0,
11512,11569,0,
11513,11512,0,
11513,11568,0,
11513,11569,0,
11516,11517,0,
11517,11516,0,
11716,12519,0,
12519,11716,0,
12321,12333,0,
12333,12321,0,
11520,11521,0,
11521,11520,0,
12550,12553,0,
12553,12550,0,
11526,11527,0,
11527,11526,0,
11530,11531,0,
11531,11530,0,
11536,11537,0,
11537,11536,0,
22605,22604,0,
22604,22605,0,
22977,12686,0,
12686,22977,0,
22601,22602,0,
22602,22601,0,
11544,12720,0,
11544,12721,0,
11544,11545,0,
11545,12720,0,
11545,12721,0,
11545,11544,0,
11548,11549,0,
11549,11548,0,
11550,11551,0,
11551,11550,0,
11552,11553,0,
11553,11552,0,
11554,11555,0,
11555,11554,0,
23089,22424,0,
22424,23089,0,
22420,23166,0,
11560,11561,0,
11561,11560,0,
12168,12169,0,
12169,12168,0,
12326,12328,0,
12328,12326,0,
13021,13014,0,
11568,11569,0,
11569,11568,0,
13095,13098,0,
13098,13095,0,
13057,13058,0,
13057,13060,0,
13058,13057,0,
13058,13060,0,
13060,13057,0,
13060,13058,0,
11570,11571,0,
11571,11570,0,
11572,11573,0,
11573,11572,0,
11576,11577,0,
11576,11579,0,
11576,12568,0,
11577,11576,0,
11577,11579,0,
11577,12568,0,
11579,11576,0,
11579,11577,0,
11579,12568,0,
12568,10098,0,
12568,11576,0,
12568,11577,0,
12568,11579,0,
12819,12820,0,
12820,12819,0,
12723,12726,0,
12726,12723,0,
12334,12347,0,
12347,12334,0,
12176,12185,0,
12176,12186,0,
12176,12514,0,
12185,12176,0,
12185,12186,0,
12185,12514,0,
12186,12176,0,
12186,12185,0,
12186,12514,0,
12514,12176,0,
12514,12185,0,
12514,12186,0,
12111,11846,0,
12111,12722,0,
12111,12476,0,
12111,12121,0,
12111,11598,0,
12111,11599,0,
12476,11846,0,
12476,12722,0,
12476,12111,0,
12476,12121,0,
12476,11598,0,
12476,11599,0,
12121,11846,0,
12121,12722,0,
12121,12111,0,
12121,12476,0,
12121,11598,0,
12121,11599,0,
11596,11597,0,
11597,11596,0,
11598,11846,0,
11598,12722,0,
11598,12111,0,
11598,12476,0,
11598,12121,0,
11598,11599,0,
11599,11846,0,
11599,12722,0,
11599,12111,0,
11599,12476,0,
11599,12121,0,
11599,11598,0,
12875,12876,0,
12876,12875,0,
11970,10386,0,
11970,10387,0,
11970,10947,0,
11970,10948,0,
11970,13016,0,
11970,13023,0,
11604,11605,0,
11605,13329,0,
11605,11604,0,
11609,11610,0,
11610,11609,0,
11611,11612,0,
11612,11611,0,
12959,12960,0,
12960,12959,0,
12873,12874,0,
12873,12906,0,
12873,12907,0,
12874,12873,0,
12874,12906,0,
12874,12907,0,
12906,12873,0,
12906,12874,0,
12906,12907,0,
12907,12873,0,
12907,12874,0,
12907,12906,0,
38121,32887,0,
38081,38082,0,
38082,38081,0,
38111,38112,0,
38112,38111,0,
38102,38101,0,
38101,38102,0,
11615,11616,0,
11616,11615,0,
11617,11618,0,
11617,12903,0,
11617,12910,0,
11617,13331,0,
11618,11617,0,
11618,12903,0,
11618,12910,0,
11618,13331,0,
12903,11617,0,
12903,11618,0,
12903,12910,0,
12903,13331,0,
12910,11617,0,
12910,11618,0,
12910,12903,0,
12910,13331,0,
13331,11617,0,
13331,11618,0,
13331,12903,0,
13331,12910,0,
12871,12872,0,
12872,12871,0,
12881,12882,0,
12882,12881,0,
12879,12880,0,
12879,12905,0,
12879,12908,0,
12880,12879,0,
12880,12905,0,
12880,12908,0,
12905,12879,0,
12905,12880,0,
12905,12908,0,
12908,12879,0,
12908,12880,0,
12908,12905,0,
11621,11622,0,
11622,11621,0,
22508,22507,0,
22507,22508,0,
22504,22503,0,
22503,22504,0,
23020,23021,0,
23021,23020,0,
22506,22505,0,
22505,22506,0,
11989,12010,0,
12010,11989,0,
11784,11785,0,
11784,11625,0,
11784,11626,0,
11785,11784,0,
11785,11625,0,
11785,11626,0,
11625,11784,0,
11625,11785,0,
11625,11626,0,
11626,11784,0,
11626,11785,0,
11626,11625,0,
22502,22501,0,
22501,22502,0,
22497,22498,0,
22498,22497,0,
13176,13177,0,
13177,13176,0,
22500,22499,0,
22499,22500,0,
11631,11632,0,
11631,13330,0,
11631,11633,0,
11631,11634,0,
11632,11631,0,
11632,13330,0,
11632,11633,0,
11632,11634,0,
13330,11154,0,
13330,11155,0,
13330,11631,0,
13330,11632,0,
13330,11633,0,
13330,11634,0,
11633,11631,0,
11633,11632,0,
11633,13330,0,
11633,11634,0,
11634,11631,0,
11634,11632,0,
11634,13330,0,
11634,11633,0,
12531,12579,0,
12531,11638,0,
12531,11635,0,
12579,12531,0,
12579,11638,0,
12579,11635,0,
11638,12531,0,
11638,12579,0,
11638,11635,0,
11635,12531,0,
11635,12579,0,
11635,11638,0,
10631,10632,0,
10632,10631,0,
11781,11782,0,
11782,11781,0,
12018,12019,0,
12019,12018,0,
12976,12131,0,
12976,12132,0,
12976,12977,0,
12977,12131,0,
12977,12132,0,
12977,12976,0,
11641,11642,0,
11642,11641,0,
11644,11645,0,
11645,11644,0,
11646,13173,0,
11646,11647,0,
11647,11646,0,
11650,11651,0,
11651,11650,0,
13279,13280,0,
13280,13279,0,
11996,12003,0,
12003,11996,0,
11652,11653,0,
11653,11652,0,
11654,11750,0,
11750,11654,0,
11656,11657,0,
11657,11656,0,
11658,11659,0,
11659,11658,0,
11662,11663,0,
11663,11662,0,
11669,11670,0,
11669,12360,0,
11670,11669,0,
11670,12360,0,
12360,11669,0,
12360,11670,0,
11673,11674,0,
11674,11673,0,
13085,13207,0,
13207,13085,0,
10637,12604,0,
10637,12368,0,
10637,10638,0,
10638,12604,0,
10638,12368,0,
10638,10637,0,
11677,11678,0,
11678,11677,0,
11679,11680,0,
11680,11679,0,
11681,11682,0,
11681,13294,0,
11681,13295,0,
11682,11681,0,
11682,13294,0,
11682,13295,0,
13294,11681,0,
13294,11682,0,
13294,13295,0,
13295,11681,0,
13295,11682,0,
13295,13294,0,
11718,11719,0,
11719,11718,0,
11683,11684,0,
11684,11683,0,
13086,13165,0,
13086,13166,0,
13086,13089,0,
13089,13165,0,
13089,13086,0,
11692,11693,0,
11693,11692,0,
10074,10075,0,
10075,10074,0,
11694,10623,0,
11694,10624,0,
11694,10991,0,
11696,11697,0,
11697,11696,0,
11702,11703,0,
11703,11702,0,
22515,22514,0,
22515,22513,0,
22515,22633,0,
22514,22515,0,
22514,22513,0,
22514,22633,0,
22513,22515,0,
22513,22514,0,
22513,22633,0,
22633,22515,0,
22633,22514,0,
22633,22513,0,
12350,12353,0,
12353,12350,0,
11704,11705,0,
11705,11704,0,
13194,13195,0,
13195,13194,0,
11706,12998,0,
11706,12997,0,
12998,11706,0,
12998,12997,0,
12997,11706,0,
12997,12998,0,
13170,10864,0,
13170,10865,0,
13170,13171,0,
13171,10864,0,
13171,10865,0,
13171,13170,0,
11708,11709,0,
11709,11708,0,
13345,12486,0,
13352,10332,0,
13352,10333,0,
13352,10703,0,
13352,10704,0,
13352,13353,0,
13353,10332,0,
13353,10333,0,
13353,10703,0,
13353,10704,0,
13353,13352,0,
13357,10609,0,
13357,10610,0,
13357,13358,0,
13358,10609,0,
13358,10610,0,
13358,13357,0,
13365,12992,0,
13365,13135,0,
13364,11195,0,
13364,11196,0,
13366,13367,0,
13367,13366,0,
13350,12753,0,
13350,12741,0,
13350,12742,0,
13350,12743,0,
13350,12744,0,
13350,13215,0,
13350,12746,0,
13350,13351,0,
13351,12753,0,
13351,12741,0,
13351,12742,0,
13351,12743,0,
13351,12744,0,
13351,13215,0,
13351,12746,0,
13351,13350,0,
13371,11979,0,
32887,38121,0,
11506,11507,0,
13373,13286,0,
13373,13372,0,
13372,13286,0,
13372,13373,0,
13377,10276,0,
13377,10277,0,
13377,10396,0,
13377,10397,0,
13379,11269,0,
13379,13099,0,
13406,13407,0,
13407,13406,0,
13414,13417,0,
13417,13414,0,
13411,13412,0,
13412,13411,0,
13410,12500,0,
13410,13413,0,
13413,12500,0,
13413,13410,0,
13400,12138,0,
13400,12137,0,
13400,11056,0,
13400,12365,0,
13400,12134,0,
13400,12157,0,
13415,13416,0,
13416,13415,0,
23303,23304,0,
23303,23297,0,
23303,23298,0,
23303,23299,0,
23303,23300,0,
23303,23301,0,
23303,23302,0,
23304,23303,0,
23304,23297,0,
23304,23298,0,
23304,23299,0,
23304,23300,0,
23304,23301,0,
23304,23302,0,
23297,23303,0,
23297,23304,0,
23297,23298,0,
23297,23299,0,
23297,23300,0,
23297,23301,0,
23297,23302,0,
23298,23303,0,
23298,23304,0,
23298,23297,0,
23298,23299,0,
23298,23300,0,
23298,23301,0,
23298,23302,0,
23299,23303,0,
23299,23304,0,
23299,23297,0,
23299,23298,0,
23299,23300,0,
23299,23301,0,
23299,23302,0,
23300,23303,0,
23300,23304,0,
23300,23297,0,
23300,23298,0,
23300,23299,0,
23300,23301,0,
23300,23302,0,
23301,23303,0,
23301,23304,0,
23301,23297,0,
23301,23298,0,
23301,23299,0,
23301,23300,0,
23301,23302,0,
23302,23303,0,
23302,23304,0,
23302,23297,0,
23302,23298,0,
23302,23299,0,
23302,23300,0,
23302,23301,0,
33464,33468,0,
33468,33464,0,
32826,32827,0,
32827,32826,0,
12238,12239,0,
23324,22483,0,
23999,22567,0,
23148,22568,0,
23233,22409,0,
23233,22408,0,
23166,22420,0,
